(500, 316.3)
(500, 323.1)
(500, 303.3)
(500, 296.8)
(500, 307.7)
(2500, 1521.8)
(2500, 1473.8)
(2500, 1607.0)
(2500, 1572.8)
(2500, 1503.6)
(2500, 1685.9)
(2500, 1535.6)
(2500, 1595.4)
(2500, 1564.3)
(2500, 1568.5)
(5000, 3007.6)
(5000, 3177.0)
(5000, 3106.4)
(5000, 3078.2)
(5000, 2981.6)
(5000, 3004.1)
(5000, 3095.4)
(5000, 3120.5)
(5000, 3221.3)
(5000, 2956.6)
(12500, 7519.7)
(12500, 7322.1)
(12500, 7200.6)
(12500, 7188.0)
(12500, 7222.8)
(12500, 7941.4)
(12500, 7374.4)
(12500, 7622.1)
(12500, 7867.4)
(12500, 8226.2)
(25000, 16726.5)
(25000, 16908.1)
(25000, 15505.4)
(25000, 15918.3)
(25000, 16499.0)
(25000, 15938.0)
(25000, 14783.7)
(25000, 15420.1)
(25000, 16203.9)
(25000, 16400.8)
(37500, 25126.3)
(37500, 24456.6)
(37500, 24246.6)
(37500, 24970.0)
(37500, 23849.4)
(37500, 24971.8)
(37500, 25355.0)
(37500, 23858.3)
(37500, 22575.4)
(37500, 24733.7)
(50000, 33830.7)
(50000, 34026.3)
(50000, 31423.4)
(50000, 32916.3)
(50000, 32877.1)
(50000, 33291.0)
(50000, 33645.6)
(50000, 32458.6)
(50000, 30991.8)
(50000, 31473.5)