(25, 91.1)
(50, 78.1)
(75, 77.5)
(100, 76.5)
(250, 77.6)
(500, 80.6)
(750, 77.6)
\hline
(25, 736.0)
(50, 741.7)
(75, 785.6)
(100, 754.0)
(250, 741.7)
(500, 771.5)
(750, 758.7)
(1000, 763.0)
(1500, 765.7)
(2000, 743.3)
\hline
(25, 9244.2)
(50, 9237.2)
(75, 9206.1)
(100, 9570.8)
(250, 9064.6)
(500, 9399.2)
(750, 9658.8)
(1000, 9604.8)
(1500, 9253.4)
(2000, 9349.6)
\hline
(25, 83.6)
(50, 80.0)
(75, 82.7)
(100, 85.7)
(250, 86.8)
(500, 84.9)
(750, 82.9)
\hline
(25, 802.2)
(50, 807.4)
(75, 790.2)
(100, 803.0)
(250, 857.3)
(500, 833.5)
(750, 895.0)
(1000, 906.2)
(1500, 892.9)
(2000, 823.1)
\hline
(25, 9303.1)
(50, 8676.7)
(75, 9054.4)
(100, 9787.3)
(250, 8902.3)
(500, 9196.0)
(750, 9283.1)
(1000, 10225.5)
(1500, 9630.1)
(2000, 9868.2)
\hline
(25,6 & 81.7)
(50,6 & 81.4)
(75,6 & 83.5)
(100,6 & 81.1)
(250,5 & 81.5)
(500,6 & 82.0)
(750,6 & 84.5)
\hline
(25,7 & 811.7)
(50,9 & 842.6)
(75,5 & 844.6)
(100,1 & 858.3)
(250,2 & 859.4)
(500,9 & 847.1)
(750,4 & 879.8)
(1000,5 & 899.5)
(1500,0 & 848.3)
(2000,4 & 846.4)
\hline
(25,7 & 9095.2)
(50,9 & 9537.5)
(75,0 & 9218.3)
(100,4 & 9563.2)
(250,4 & 9237.1)
(500,8 & 9233.4)
(750,1 & 9799.3)
(1000,5 & 9289.6)
(1500,4 & 9136.4)
(2000,5 & 8750.4)
\hline
(25,9 & 75.1)
(50,9 & 75.7)
(75,8 & 75.3)
(100,9 & 76.1)
(250,8 & 74.3)
(500,8 & 75.3)
(750,2 & 76.4)
\hline
(25,5 & 767.2)
(50,0 & 760.0)
(75,7 & 763.3)
(100,6 & 726.9)
(250,2 & 712.3)
(500,6 & 753.3)
(750,2 & 750.5)
(1000,1 & 732.3)
(1500,1 & 754.3)
(2000,2 & 758.7)
\hline
(25,8 & 9238.8)
(50,1 & 8478.3)
(75,4 & 8609.6)
(100,5 & 9034.1)
(250,4 & 8548.0)
(500,4 & 8271.6)
(750,3 & 8515.4)
(1000,5 & 8484.8)
(1500,1 & 8319.6)
(2000,6 & 8257.8)