(25, 3.7)
(50, 3.4)
(75, 3.4)
(100, 3.5)
(250, 3.5)
(500, 3.4)
(750, 3.6)
\hline
(25, 39.5)
(50, 37.8)
(75, 36.9)
(100, 37.5)
(250, 37.2)
(500, 36.8)
(750, 36.2)
(1000, 36.9)
(1500, 36.2)
(2000, 36.0)
\hline
(25, 536.5)
(50, 576.9)
(75, 595.2)
(100, 589.8)
(250, 559.8)
(500, 564.7)
(750, 601.9)
(1000, 632.5)
(1500, 544.9)
(2000, 552.2)
\hline
(25, 3.4)
(50, 3.2)
(75, 3.3)
(100, 3.4)
(250, 3.6)
(500, 3.1)
(750, 3.2)
\hline
(25, 38.8)
(50, 37.8)
(75, 38.4)
(100, 38.3)
(250, 40.8)
(500, 38.6)
(750, 39.0)
(1000, 41.2)
(1500, 41.9)
(2000, 39.3)
\hline
(25, 522.6)
(50, 535.1)
(75, 547.6)
(100, 552.5)
(250, 527.2)
(500, 533.6)
(750, 525.2)
(1000, 598.5)
(1500, 569.6)
(2000, 573.8)
\hline
(25,6 & 3.6)
(50,6 & 3.6)
(75,6 & 3.6)
(100,6 & 3.6)
(250,5 & 3.4)
(500,6 & 3.6)
(750,6 & 3.8)
\hline
(25,7 & 42.9)
(50,9 & 42.5)
(75,5 & 41.0)
(100,1 & 42.5)
(250,2 & 43.1)
(500,9 & 41.7)
(750,4 & 42.5)
(1000,5 & 45.6)
(1500,0 & 43.9)
(2000,4 & 42.2)
\hline
(25,7 & 555.2)
(50,9 & 595.4)
(75,0 & 569.1)
(100,4 & 596.3)
(250,4 & 585.3)
(500,8 & 574.4)
(750,1 & 601.7)
(1000,5 & 588.3)
(1500,4 & 578.7)
(2000,5 & 531.8)
\hline
(25,9 & 3.3)
(50,9 & 3.2)
(75,8 & 3.1)
(100,9 & 3.1)
(250,8 & 3.1)
(500,8 & 3.2)
(750,2 & 3.4)
\hline
(25,5 & 37.0)
(50,0 & 35.6)
(75,7 & 36.0)
(100,6 & 36.2)
(250,2 & 36.0)
(500,6 & 35.1)
(750,2 & 35.5)
(1000,1 & 35.8)
(1500,1 & 36.0)
(2000,2 & 35.4)
\hline
(25,8 & 524.1)
(50,1 & 495.4)
(75,4 & 500.4)
(100,5 & 561.6)
(250,4 & 542.4)
(500,4 & 474.8)
(750,3 & 468.9)
(1000,5 & 472.0)
(1500,1 & 471.1)
(2000,6 & 464.8)