32, 23, 22, 23, 23, 23, 21, 24, 23, 23
23, 21, 21, 21, 20, 20, 20, 20, 20, 21
16, 15, 15, 15, 15, 15, 16, 16, 15, 15
20, 22, 23, 22, 22, 22, 21, 22, 22, 22
19, 20, 20, 20, 20, 22, 21, 21, 20, 20
15, 14, 15, 16, 17, 14, 16, 15, 15, 16
22, 22, 22, 23, 22, 22, 22, 22, 22, 22
20, 19, 20, 20, 21, 20, 21, 21, 21, 20
14, 15, 15, 15, 15, 15, 13, 15, 15, 15
29, 27, 28, 21, 24, 25, 22, 22, 21, 21
20, 19, 21, 19, 20, 19, 19, 21, 17, 19
13, 15, 12, 13, 14, 13, 13, 13, 13, 16
35, 28, 22, 26, 24, 25, 29, 40, 24, 22
22, 19, 19, 21, 19, 20, 20, 19, 20, 34
16, 17, 13, 14, 27, 14, 19, 14, 24, 18
35, 24, 24, 22, 24, 23, 23, 26, 24, 24
2, 2, 2, 2, 2, 2, 2, 2, 2, 2
2, 2, 2, 2, 2, 2, 2, 2, 2, 2
2, 2, 2, 2, 1, 2, 2, 2, 1, 2
2, 2, 2, 2, 2, 2, 2, 2, 3, 2
2, 2, 2, 2, 2, 1, 2, 2, 2, 2
1, 2, 2, 2, 2, 1, 1, 2, 2, 1
1, 1, 1, 1, 1, 1, 1, 1, 1, 2
1, 1, 1, 2, 2, 1, 1, 1, 1, 1
1, 1, 1, 1, 1, 1, 1, 1, 1, 1
2, 2, 2, 2, 2, 2, 2, 2, 2, 2
2, 3, 2, 2, 2, 2, 2, 2, 2, 2
1, 1, 2, 1, 1, 1, 1, 1, 1, 1
1, 1, 1, 1, 1, 1, 1, 1, 1, 1
1, 1, 1, 1, 1, 1, 1, 1, 1, 1
1, 1, 1, 1, 1, 1, 1, 1, 1, 1
4, 2, 2, 2, 2, 2, 2, 2, 2, 2
2, 2, 2, 2, 2, 2, 2, 2, 2, 2
2, 1, 2, 1, 1, 2, 1, 1, 1, 1
1, 1, 1, 1, 1, 1, 1, 1, 1, 1
28, 25, 26, 25, 25
23, 26, 25, 25, 24
22, 20, 22, 20, 23
18, 18, 19, 18, 19
16, 16, 16, 15, 15
14, 13, 13, 13, 13
9, 11, 11, 10, 11
8, 8, 8, 7, 7
5, 4, 4, 5, 4
2, 3, 3, 3, 2
14, 16, 17, 15, 17
14, 15, 15, 13, 14
11, 12, 12, 13, 12
10, 12, 10, 11, 10
7, 9, 9, 9, 9
7, 7, 7, 7, 7
6, 6, 6, 6, 6
3, 4, 4, 4, 4
2, 2, 2, 2, 2
11, 30, 17, 14, 11, 11, 10, 11, 11, 10
5, 4, 4, 4, 4, 5, 5, 5, 5, 5
1, 1, 1, 1, 1, 1, 1, 1, 1, 1
1, 1, 1, 1, 1, 1, 1, 1, 1, 1
0, 1, 1, 0, 1, 1, 1, 1, 1, 1
19348000, 15908900, 17713500, 12201500, 11389500, 11792200, 12060000, 11006800, 10990500, 11723400
4721800, 5004600, 5157300, 5091900, 5477500, 5556300, 4928300, 5328300, 5346400, 5240400
1174900, 1232500, 1183200, 1310300, 1052400, 1178700, 1230300, 1107400, 1222200, 1143300
11668000, 37729400, 18425800, 13208700, 11252100, 12017400, 10105500, 10720900, 12211400, 10305800
4657500, 5584200, 5561200, 8803500, 5062800, 5561500, 5158900, 4743900, 5526300, 4932500
1157000, 1109100, 1165100, 1024900, 1227400, 1210500, 1217600, 1157500, 1210000, 1025400
1116800, 1102200, 980900, 1130900, 1184000, 1271600, 917200, 1095200, 1105400, 1125300
12829600, 15236800, 16163300, 12262000, 13083500, 12229000, 11649100, 11784100, 11736700, 10843000
5266800, 6452700, 6182400, 5251700, 5095700, 5652900, 5187300, 5256100, 5324100, 5452300
1222500, 1201000, 1213100, 1249300, 1267800, 1163600, 1155900, 1231400, 1243800, 1182400
1180900, 1122900, 1152000, 1111600, 1121300, 1134900, 1125200, 1114200, 1180900, 1101700
13046500, 18012400, 14142400, 12570400, 12360400, 11576100, 12252300, 12210800, 11971300, 10824800
5709500, 5640000, 5633300, 6550900, 5402600, 5574400, 4966400, 5118700, 4816500, 5282400
12261, 13518, 14626, 12989, 12308, 12384, 12164, 12461, 13108, 12169
4826, 6119, 5412, 5186, 5833, 5856, 5123, 5860, 5316, 5463
1267, 1244, 1082, 1260, 1273, 1278, 1220, 1216, 1282, 1226
1182, 1154, 1131, 1111, 1104, 977, 1181, 936, 1177, 986
1004, 1058, 1058, 985, 1105, 1105, 1144, 1087, 1074, 1094
858, 991, 1024, 976, 988, 891, 902, 885, 990, 909
847, 860, 809, 792, 903, 810, 898, 827, 820, 807
621, 670, 743, 703, 723, 658, 689, 587, 673, 678
14937, 14793, 14728, 14331, 13631, 15207, 14994, 14185, 14747, 14686
12715, 14397, 12883, 12701, 19189, 12972, 15229, 12729, 11760, 13426
9420, 9406, 9464, 9141, 10061, 9704, 15194, 8558, 9778, 10196
6229, 6182, 6407, 6386, 6388, 6266, 6317, 6723, 6367, 6356
2872, 3445, 3149, 3427, 3406, 3240, 3330, 5229, 3159, 2995
2578, 2680, 2458, 2608, 2649, 2651, 2559, 2348, 2639, 2751
2436, 2392, 2322, 2293, 2569, 2454, 2462, 2516, 2600, 2432
2381, 2208, 2555, 2655, 2601, 2512, 2398, 2515, 2417, 2406
2040, 2379, 2541, 2478, 2553, 2636, 2844, 2354, 2459, 3338
19862, 26929, 14363, 22289, 12745, 11747, 12237, 11976, 11970, 12144
14037, 18845, 15538, 11982, 12584, 12913, 11837, 13938, 11860, 11765
5067, 6233, 5602, 6602, 5576, 5508, 5277, 5655, 5608, 5367
21001, 19192, 16514, 12823, 12228, 11483, 14088, 11430, 14200, 10368
5099, 5534, 6058, 5512, 5466, 4438, 5214, 5458, 4861, 5949
1205, 1083, 1238, 1233, 1159, 1292, 1439, 1221, 1232, 1202
1079, 1265, 1257, 1153, 981, 1145, 1110, 1086, 1164, 1094
1142, 922, 1064, 1127, 1100, 1071, 1088, 990, 989, 939
936, 900, 1010, 1116, 966, 940, 875, 933, 896, 937
819, 793, 856, 790, 884, 670, 838, 821, 836, 790
687, 667, 1100, 684, 695, 562, 595, 649, 722, 716
15820, 13999, 15823, 14882, 14841, 14126, 14402, 16396, 14318, 14844
12507, 11190, 12685, 13014, 12208, 12896, 12977, 12700, 12913, 12066
9737, 10032, 9582, 8829, 9149, 10189, 9799, 9494, 12281, 10184
6951, 8506, 7214, 6783, 6542, 8542, 6768, 6324, 5286, 6503
12297, 19359, 13066, 12186, 10322, 12074, 12545, 11887, 12126, 11547
5353, 4940, 5483, 5489, 5073, 5824, 5290, 5395, 5320, 5299
1291, 1263, 1199, 1279, 1253, 1167, 1203, 1183, 1258, 1218
1117, 1116, 1091, 1145, 1075, 1079, 1093, 998, 1044, 1106
1021, 1063, 1074, 1028, 1091, 1042, 1020, 1044, 1023, 1032
755, 890, 859, 747, 925, 910, 896, 798, 943, 833
812, 746, 825, 824, 830, 814, 876, 861, 873, 798
755, 664, 641, 711, 689, 664, 687, 668, 652, 744
16562, 14775, 15075, 14491, 14994, 14497, 16086, 15174, 16020, 14813
12457, 13379, 13065, 17428, 13120, 16871, 14794, 15661, 19979, 14125
11181, 8549, 10530, 10492, 9825, 10789, 10481, 10382, 13236, 15169
6529, 6822, 6291, 7195, 7037, 7239, 6876, 6896, 6415, 6313
3343, 3547, 3312, 3153, 3444, 3562, 3536, 3111, 3239, 3824
2930, 3000, 4197, 2499, 3076, 2850, 2871, 2897, 2724, 2785
2859, 2645, 2788, 3129, 2690, 2617, 2617, 2623, 2970, 2565
2775, 2632, 2380, 2649, 2541, 2405, 2341, 2618, 2551, 2827
3032, 2380, 2456, 2235, 2372, 2123, 2619, 2753, 2499, 2260
12529, 20403, 14750, 17487, 11240, 12037, 11618, 11411, 11405, 11241
5234, 5445, 5576, 5001, 5567, 5213, 5539, 5055, 5300, 5641
1220, 1172, 1221, 1166, 1233, 1234, 1197, 1179, 1159, 1270
1197, 1221, 1176, 1183, 1128, 968, 1156, 1107, 1183, 1148
1159, 1078, 890, 1198, 1147, 1006, 1413, 980, 1078, 1297
998, 917, 957, 854, 986, 765, 960, 864, 874, 936
706, 864, 831, 980, 890, 810, 823, 896, 910, 873
582, 572, 692, 768, 675, 611, 710, 666, 630, 772
13321, 17579, 15120, 14996, 14253, 15641, 19742, 27133, 15096, 13576
12571, 21901, 13994, 13269, 11911, 12872, 12515, 12581, 12257, 12255
5610, 5575, 5539, 5698, 5710, 5242, 5170, 5615, 5668, 5275
1254, 1273, 1258, 1230, 1237, 1183, 1274, 1200, 1170, 1207
1100, 1180, 1194, 1144, 1118, 1125, 1111, 1032, 922, 1133
1058, 1077, 1055, 1080, 1083, 1125, 1063, 1060, 1063, 1125
838, 892, 977, 880, 832, 915, 929, 847, 907, 895
809, 817, 812, 804, 846, 800, 844, 811, 858, 638
653, 696, 593, 685, 690, 688, 698, 737, 659, 660
14562, 14037, 14789, 14256, 14091, 13851, 15371, 14313, 13433, 14704
12162, 14483, 14408, 12203, 13287, 12319, 13499, 12817, 14799, 12852
9667, 9356, 9991, 9858, 8998, 9498, 9571, 9510, 10986, 10105
7773, 9689, 6872, 8601, 6140, 5930, 7456, 5936, 6745, 5866
3708, 3291, 3448, 3393, 5723, 3454, 3362, 3347, 3258, 3343
2450, 2554, 2539, 2763, 2507, 2589, 2630, 2502, 2523, 2565
2539, 2203, 2520, 2325, 2156, 2233, 2539, 2230, 2315, 2424
2434, 2465, 2402, 2424, 2461, 2454, 2353, 2408, 2447, 2444
2219, 2344, 2204, 2205, 2071, 2111, 2237, 2296, 2228, 2020
2988, 2695, 2417, 4193, 3999, 4208, 4354, 4696, 3984, 4183
3036, 3906, 3128, 2843, 3261, 3323, 4085, 3549, 3588, 13618
3075, 2304, 2066, 2548, 2331, 5105, 4879, 2259, 2184, 1871
2248, 3276, 2119, 2075, 1999, 2107, 2501, 2353, 2136, 1921
2202, 2056, 1899, 1945, 1125, 1878, 1891, 1267, 1458, 1163
861, 1048, 972, 950, 991, 986, 1083, 951, 1069, 993
893, 990, 939, 952, 887, 967, 951, 836, 1010, 1127
723, 714, 622, 731, 999, 1125, 1316, 1314, 739, 705
2856, 2435, 2666, 2823, 2908, 2763, 2841, 2607, 3153, 2727
2760, 2777, 4406, 2677, 4414, 2624, 4699, 2669, 4441, 2539
3154, 2807, 2778, 2536, 2691, 2560, 2649, 2654, 2718, 4347
2762, 3070, 2966, 2974, 5139, 3022, 2946, 2806, 2815, 2846
3432, 3414, 3276, 3312, 3045, 3022, 4119, 3142, 3963, 6124
3490, 4783, 3279, 3062, 3268, 5261, 3016, 4089, 2784, 4331
2157, 2278, 2116, 2090, 2274, 2318, 2434, 2986, 10283, 4518
3354, 1852, 3527, 1992, 3427, 4077, 3242, 3137, 2768, 3124
1338, 1319, 2342, 1586, 1321, 1276, 1209, 1254, 1350, 1316
1100, 1220, 1217, 1239, 1215, 1066, 1125, 1178, 1092, 1111
1123, 1146, 1156, 1127, 1134, 1174, 1055, 1099, 1119, 1153
1027, 1037, 877, 974, 1008, 951, 999, 1035, 1091, 998
986, 880, 767, 772, 836, 851, 845, 841, 841, 1038
1971, 2927, 2105, 1976, 2197, 3394, 3696, 3386, 4059, 2831
2327, 1679, 3051, 2404, 2901, 1943, 2890, 1989, 2206, 1782
1390, 1807, 1309, 1364, 2055, 1916, 1227, 1276, 1216, 1417
1246, 1252, 1188, 1112, 1021, 1141, 1232, 1145, 1171, 1162
1029, 1018, 1069, 1144, 1078, 1106, 1095, 1086, 1137, 1073
841, 890, 887, 896, 940, 949, 912, 968, 853, 902
986, 834, 755, 859, 928, 855, 843, 866, 790, 819
715, 706, 697, 756, 686, 838, 721, 664, 680, 659
5987, 5220, 2797, 2474, 2438, 2619, 2304, 2398, 2293, 2581
2360, 2461, 2503, 2497, 2533, 4346, 2541, 2169, 2286, 2493
2475, 2325, 4245, 2564, 2767, 2695, 2417, 2484, 2421, 2477
2958, 2645, 4537, 3354, 2777, 2768, 2703, 2724, 2785, 2823
3115, 2869, 3009, 5213, 3623, 4089, 4051, 4344, 4834, 5634
4295, 2878, 4038, 4035, 4437, 2931, 2876, 2960, 2921, 2731
2841, 2553, 2680, 2674, 2797, 2681, 2641, 2541, 2519, 2948
3036, 2868, 2619, 2688, 3747, 2524, 2602, 2536, 2525, 2530
2202, 2374, 2523, 2336, 2339, 4397, 2651, 2296, 2463, 2402
2210, 3513, 2134, 3465, 2087, 2329, 2217, 2196, 2638, 2245
2126, 3586, 1850, 3304, 2871, 3001, 3330, 3151, 2074, 1989
1243, 1514, 1290, 1260, 1397, 1306, 2005, 1489, 2027, 1628
1316, 1206, 1700, 1332, 1361, 1652, 1402, 1203, 1253, 2160
1166, 1128, 2016, 1157, 1242, 1128, 1163, 2022, 1065, 1304
984, 1094, 1428, 1108, 1618, 920, 980, 957, 1004, 1564
1616, 1240, 1436, 1013, 1805, 1082, 868, 1058, 1129, 1092
1270, 1070, 714, 1178, 1220, 807, 750, 812, 1102, 799
2821, 3080, 2663, 4461, 4465, 2658, 4438, 5020, 3914, 2865
2616, 2932, 2766, 4454, 4994, 2690, 5658, 3577, 2906, 2607
3125, 4524, 3032, 2830, 2815, 2629, 2872, 2586, 3379, 3070
3162, 3466, 3242, 3387, 3525, 3124, 4649, 3412, 5519, 4214
4959, 3123, 3433, 4783, 3291, 3340, 5358, 3472, 5550, 3496
3206, 3132, 3154, 2862, 6098, 3050, 5805, 3105, 3228, 3415
2958, 4745, 2911, 2976, 2797, 2794, 3035, 4255, 4926, 4662
2932, 4882, 3064, 4743, 5244, 5140, 3169, 3250, 6115, 5369
2983, 5281, 5290, 2976, 3511, 3029, 3110, 2951, 2908, 3080
1782, 2409, 2123, 2066, 1810, 1866, 1773, 1676, 1764, 1873
2572, 1548, 1464, 1465, 1462, 1590, 1447, 1492, 1497, 1481
1126, 1206, 1175, 1238, 1185, 1191, 1324, 1729, 1126, 1142
1050, 1090, 1074, 1083, 1088, 1149, 1095, 1059, 1079, 1009
1091, 1044, 949, 1055, 1073, 1007, 971, 1014, 1004, 1061
904, 895, 915, 915, 855, 920, 905, 901, 861, 967
721, 774, 784, 851, 825, 775, 892, 835, 901, 786
1678, 1887, 2683, 1803, 1805, 1852, 1806, 1903, 1926, 1860
1522, 1433, 1493, 1649, 1555, 1621, 1520, 1456, 1508, 1609
1324, 1206, 1178, 1181, 1226, 1184, 1243, 1237, 1252, 1245
1081, 1152, 1098, 1080, 1097, 1138, 1131, 1090, 1090, 1086
1070, 1470, 965, 1093, 1031, 1047, 1080, 1018, 976, 1454
886, 915, 870, 841, 904, 1091, 901, 911, 882, 880
730, 787, 731, 799, 808, 832, 799, 756, 1208, 800
660, 1092, 651, 678, 616, 650, 667, 589, 593, 618
2132, 2067, 2168, 2073, 2090, 2064, 2156, 2009, 2158, 2189
2150, 2186, 2275, 2332, 2008, 2173, 2284, 2186, 2237, 2268
2352, 2480, 2390, 2351, 2186, 2389, 2394, 3422, 2444, 2362
1928, 1983, 3282, 1986, 1924, 2091, 1953, 1949, 1767, 1967
1744, 1836, 1804, 1804, 1796
1472, 1470, 1478, 1606, 1557
1158, 1153, 1084, 1160, 1131
1106, 1038, 1036, 1156, 1052
1014, 901, 965, 976, 1030
914, 1437, 948, 905, 800
865, 778, 1222, 833, 792
688, 632, 686, 674, 695
2181, 2196, 1933, 2169, 2198
2150, 2185, 2247, 2157, 2040
2405, 2348, 2343, 2342, 2344
3114, 2510, 2613, 2549, 2602
3916, 2880, 3920, 2839, 3343
2532, 2535, 2463, 2880, 2591
2400, 2415, 2450, 2341, 2316
2373, 2336, 2390, 2367, 3148
2156, 2308, 2341, 2188, 2214
