238, 232, 239, 241, 236, 230, 238, 244, 234, 244
265, 247, 245, 270, 267, 237, 265, 237, 232, 267
235, 235, 232, 228, 230, 228, 236, 235, 257, 226
231, 231, 231, 228, 226, 226, 219, 219, 222, 221
251, 232, 220, 247, 249, 225, 259, 223, 231, 257
225, 225, 224, 221, 252, 324, 217, 229, 252, 218
238, 230, 229, 230, 231, 245, 225, 230, 245, 225
272, 240, 232, 270, 267, 233, 259, 232, 232, 253
226, 216, 222, 221, 224, 219, 225, 221, 244, 223
353, 298, 231, 239, 337, 239, 235, 228, 244, 226
256, 234, 232, 233, 236, 254, 241, 244, 236, 226
241, 233, 228, 233, 241, 229, 233, 227, 277, 232
463, 285, 262, 251, 258, 332, 345, 283, 311, 304
277, 258, 268, 253, 279, 292, 257, 256, 255, 249
265, 267, 337, 259, 277, 358, 415, 282, 294, 277
588, 251, 244, 245, 248, 252, 255, 250, 249, 290
39, 27, 31, 27, 26, 26, 24, 27, 26, 29
28, 28, 26, 29, 25, 31, 29, 27, 30, 28
29, 27, 25, 25, 26, 28, 27, 27, 26, 28
55, 34, 26, 27, 25, 30, 26, 28, 26, 28
32, 28, 28, 26, 26, 25, 30, 27, 27, 25
36, 27, 28, 33, 26, 28, 25, 28, 33, 28
33, 29, 25, 29, 34, 24, 27, 31, 30, 34
32, 25, 29, 28, 30, 33, 27, 29, 32, 26
25, 28, 29, 29, 25, 27, 25, 26, 27, 27
43, 25, 27, 26, 26, 26, 26, 26, 25, 23
26, 26, 25, 28, 25, 24, 27, 26, 25, 26
30, 28, 27, 24, 24, 25, 25, 25, 24, 24
25, 27, 28, 26, 27, 25, 22, 23, 25, 23
25, 24, 25, 24, 25, 25, 24, 25, 22, 27
26, 27, 25, 26, 29, 27, 31, 29, 24, 24
41, 29, 25, 26, 26, 24, 27, 26, 23, 26
27, 23, 31, 26, 26, 26, 29, 26, 27, 26
26, 27, 29, 26, 26, 25, 26, 28, 26, 25
25, 26, 26, 27, 25, 25, 25, 27, 27, 26
648, 267, 259, 251, 257
401, 264, 258, 254, 260
261, 285, 251, 255, 251
261, 255, 244, 260, 248
260, 273, 282, 262, 246
270, 265, 264, 261, 261
248, 235, 260, 238, 245
233, 249, 265, 248, 239
235, 244, 226, 231, 257
224, 231, 261, 254, 262
243, 256, 279, 266, 281
278, 267, 272, 319, 270
255, 243, 292, 245, 243
250, 257, 237, 240, 254
250, 248, 262, 318, 284
235, 245, 241, 252, 239
244, 226, 262, 262, 243
268, 296, 267, 248, 261
242, 245, 240, 256, 263
248, 400, 338, 344, 235, 223, 218, 212, 219, 209
234, 212, 214, 213, 211, 222, 212, 213, 219, 211
210, 219, 220, 223, 216, 221, 220, 222, 221, 212
224, 233, 233, 217, 232, 217, 223, 234, 226, 214
228, 214, 219, 213, 213, 217, 225, 226, 232, 230
296657700, 411959600, 285870100, 270966900, 231374300, 226256100, 236629600, 215583300, 218914300, 224064900
232841400, 218398400, 223052600, 214970900, 211354100, 225644800, 208462000, 216639800, 216871700, 209075400
208701300, 218420100, 213250800, 209030900, 215255000, 215279900, 217311200, 216140000, 221542100, 227681100
271696300, 381949600, 305932100, 278709500, 249000900, 228111700, 214691100, 219620600, 222338900, 224544900
230777800, 210448100, 227732600, 219701200, 209248000, 219373900, 216046100, 222466200, 218105900, 221041600
221493400, 213679700, 210171100, 221992300, 223249300, 216593200, 221380300, 213740400, 218588200, 224328700
228756800, 210447200, 218085400, 223699800, 223197300, 223970500, 222239200, 213126900, 217643600, 222575200
251057700, 468182600, 303626500, 344901700, 255251400, 232486600, 222237400, 227758000, 215651100, 240267200
231563200, 229714200, 227037000, 227345900, 229494500, 225551600, 228625900, 226900900, 226095000, 226526200
213714000, 225597100, 227092700, 223149700, 225721600, 219388000, 207029100, 227522600, 214097700, 221484000
223321400, 215474500, 221753200, 232372000, 221336800, 228791100, 230666300, 226112100, 217852900, 215846700
319514800, 416571200, 343623400, 317149500, 240320500, 224112800, 228255900, 228464700, 221492400, 218994500
252749600, 236532800, 269896400, 229135200, 218158900, 230104600, 226381800, 226960300, 238739800, 226983300
252828, 355517, 319113, 308094, 244473, 242802, 226817, 233562, 235415, 231557
229597, 233208, 238627, 233930, 223876, 233164, 225476, 237444, 225669, 231806
231975, 226112, 229503, 214202, 229664, 230015, 218518, 219321, 228423, 224634
223311, 229560, 230257, 226013, 222949, 222207, 233516, 224317, 226112, 223116
224507, 213658, 216146, 215656, 226787, 226288, 224084, 212941, 218297, 233774
244059, 231644, 230452, 224566, 240648, 238218, 228460, 226416, 226828, 236381
222381, 221924, 229792, 219968, 223249, 228168, 229875, 228481, 220253, 213348
214695, 216608, 198688, 206737, 203161, 215876, 213704, 211767, 207984, 211583
261875, 256306, 242924, 248666, 257915, 248447, 244981, 242505, 247476, 242983
250684, 255011, 243206, 249783, 248355, 248689, 253264, 245372, 246896, 250972
231588, 237781, 248894, 237199, 250297, 248595, 237312, 248982, 242693, 235342
264404, 251953, 270793, 247518, 239527, 236842, 236944, 253945, 244805, 247296
240936, 243637, 242109, 261301, 245441, 249410, 255426, 239213, 246149, 257665
246150, 253474, 239764, 253811, 243961, 244461, 246299, 251723, 254883, 248090
256283, 254193, 237367, 260154, 236596, 243658, 246309, 244488, 242943, 252127
253638, 253649, 246018, 244699, 254414, 240567, 241091, 237687, 236587, 237441
284276, 289529, 474420, 294075, 260237, 315756, 267895, 261761, 276373, 254955
259211, 443529, 384532, 302478, 261324, 256573, 232096, 234060, 238866, 248890
274916, 424948, 371595, 309329, 235767, 235785, 235610, 244339, 222135, 245972
228051, 230984, 229645, 224630, 230547, 238141, 233162, 231355, 222952, 231879
256569, 416364, 302233, 268441, 222393, 230601, 246598, 231731, 233053, 220037
241105, 217758, 225425, 226460, 220343, 226305, 224255, 227214, 224590, 228292
233052, 225035, 226022, 219254, 222722, 216974, 219894, 212837, 221816, 226290
225242, 221514, 226659, 229105, 234288, 223568, 221502, 221013, 220627, 217932
231748, 219891, 215937, 224972, 222678, 220958, 222805, 229621, 227222, 224893
236091, 240411, 226345, 239958, 228644, 229070, 237941, 238810, 232322, 237273
221492, 226530, 227076, 229587, 230798, 227363, 219456, 211609, 235247, 222026
211895, 210270, 214693, 197700, 203834, 210579, 226389, 203798, 214593, 216818
250328, 272862, 247367, 248683, 254456, 242705, 286284, 265040, 248193, 256385
258213, 250560, 255298, 235676, 245636, 250738, 246244, 275007, 250205, 254403
236221, 248264, 255821, 240494, 239992, 247709, 239002, 242097, 243502, 243209
269314, 266718, 255202, 246256, 248378, 326727, 321793, 246017, 260061, 297679
248405, 324893, 338093, 322264, 232703, 227184, 229674, 215695, 214596, 217623
234524, 236178, 222987, 224464, 224713, 227954, 228387, 219964, 225684, 224720
214630, 222057, 216575, 222116, 227274, 213719, 221625, 220928, 210825, 229428
216449, 223132, 216774, 209237, 212851, 223416, 223813, 216833, 223822, 232060
219980, 215324, 222135, 221840, 221772, 206062, 219736, 219610, 209551, 218317
238830, 236913, 236035, 223872, 241202, 231352, 233522, 221153, 222342, 235354
233838, 223475, 224374, 220616, 221708, 231182, 233029, 219141, 227930, 227932
212863, 215101, 198367, 221138, 208329, 206356, 213970, 213182, 211960, 225411
330697, 274502, 259292, 274387, 253735, 257031, 302370, 282866, 276940, 253316
255070, 265229, 278455, 272071, 277649, 310026, 261834, 274443, 293098, 287495
286262, 261819, 266365, 273500, 306382, 276406, 265536, 270727, 295000, 270016
286978, 262045, 253908, 259430, 265097, 259897, 260926, 282842, 267512, 288292
295085, 279051, 266039, 273473, 255731, 265175, 261244, 283564, 281309, 279767
278308, 307186, 291439, 300990, 274816, 280429, 321157, 308315, 277083, 270304
265783, 273530, 299530, 265424, 255425, 273140, 259008, 274783, 258342, 268902
257267, 270625, 257919, 266400, 258534, 282117, 249964, 264391, 273195, 276995
269280, 254050, 251505, 260957, 285971, 254091, 254730, 258731, 264335, 260374
249958, 384991, 314251, 348720, 283629, 221526, 232616, 223240, 220436, 224520
223244, 214339, 223317, 221118, 227319, 225508, 223209, 218351, 221685, 224583
228888, 215271, 224939, 216109, 222936, 225242, 227528, 222297, 217617, 216842
236460, 223197, 244142, 250091, 232960, 234095, 238837, 243752, 244878, 233995
235596, 241907, 239153, 246478, 247243, 235651, 241686, 239806, 229474, 250296
257889, 254017, 244305, 239396, 246670, 244841, 242639, 256817, 234023, 238843
235719, 225903, 252366, 233264, 248566, 245732, 258863, 230066, 229761, 238689
224523, 209675, 231265, 228097, 229557, 238927, 222049, 236225, 228880, 221785
267795, 264088, 272170, 282872, 250988, 264396, 264062, 280650, 273546, 269935
287334, 436637, 410306, 285403, 240806, 225829, 228780, 217742, 223203, 238043
237490, 229090, 244572, 238907, 226112, 230305, 243094, 232499, 231408, 215902
230267, 220637, 227319, 228817, 218589, 215641, 218716, 228989, 223080, 218298
231365, 233716, 225821, 231472, 229035, 228274, 231061, 231919, 218629, 230210
219801, 228690, 226269, 232748, 228330, 224490, 221853, 229606, 243237, 221940
239806, 234394, 230639, 239442, 235159, 232426, 244039, 238442, 235451, 241745
228679, 230409, 229436, 229477, 230571, 222882, 222418, 229019, 221145, 219749
217940, 219336, 206109, 213014, 209821, 212971, 222992, 215539, 218646, 212088
258304, 257570, 246941, 251717, 258647, 255953, 264040, 260032, 256379, 252725
237254, 261759, 250739, 269431, 249112, 244105, 252512, 254941, 248169, 246304
242020, 252549, 251644, 241135, 259904, 237660, 251870, 249228, 246840, 255121
237611, 268751, 240142, 251794, 245123, 242770, 245822, 251978, 240423, 238664
249816, 239230, 238692, 253301, 240007, 246731, 257510, 239986, 250517, 256985
246749, 240045, 240061, 255475, 242403, 248651, 240092, 238820, 241746, 257552
251610, 251046, 256850, 254408, 240587, 258769, 240844, 250320, 249583, 236528
241488, 245912, 240704, 258786, 250195, 249643, 240147, 244429, 246619, 240295
240915, 255889, 250960, 273153, 259147, 254826, 244743, 260971, 253692, 242231
39703, 42823, 32599, 32818, 42707, 31184, 44380, 51565, 54720, 47438
51485, 51892, 49710, 47550, 45821, 56102, 61562, 48694, 56273, 43912
58740, 49754, 43879, 63389, 62946, 58202, 55800, 51126, 49954, 44495
74691, 54016, 51841, 42226, 43684, 48352, 49635, 59475, 58272, 51866
63578, 47052, 40802, 45454, 33301, 42304, 42341, 41923, 32363, 35321
34021, 28102, 24861, 25438, 24243, 27411, 26333, 29767, 27190, 24803
39664, 23897, 31648, 24717, 29080, 25219, 24054, 27004, 35875, 27427
35671, 26206, 24786, 27068, 23470, 26441, 38665, 40903, 38969, 30207
31730, 29356, 29379, 29091, 29891, 29683, 31538, 28913, 38637, 29599
27699, 32146, 34402, 29828, 43209, 39765, 30569, 39787, 26988, 27199
28718, 28850, 28417, 29954, 27626, 26696, 28043, 27260, 34305, 26324
27121, 29511, 30626, 30616, 35385, 28499, 31056, 31237, 26228, 28415
30291, 37520, 35776, 33413, 29966, 30267, 46927, 31932, 43972, 62427
36300, 54097, 28911, 29185, 32125, 43727, 41318, 32964, 30602, 39529
25308, 23612, 22594, 22433, 27740, 34090, 26019, 24382, 35609, 59179
45776, 53710, 55718, 36606, 48739, 41808, 43193, 36883, 35651, 39743
50501, 45721, 31375, 27240, 27291, 23749, 24736, 24018, 23938, 24093
23221, 23415, 24740, 25092, 23679, 28167, 25345, 22684, 22578, 21934
21282, 24107, 24390, 24533, 24998, 23185, 23255, 23815, 28673, 25043
26739, 26506, 25021, 25130, 30997, 24350, 24018, 25718, 27252, 29951
29278, 24640, 24619, 23872, 22404, 23389, 22644, 25011, 25835, 27928
22463, 23103, 23671, 21131, 22556, 27275, 24165, 38983, 38067, 45616
33521, 34716, 45044, 37284, 40320, 36064, 27252, 28842, 31065, 38056
24866, 33805, 25989, 31165, 22879, 22950, 28912, 24869, 23870, 21294
23113, 21715, 22921, 19975, 20996, 24088, 23415, 22745, 21477, 21954
21146, 20844, 22551, 22331, 21882, 21825, 22038, 22124, 22518, 22313
23744, 27969, 22678, 22739, 22219, 23083, 26971, 20507, 28443, 21674
21526, 22451, 20633, 21188, 22624, 22692, 24386, 22915, 22360, 21223
21088, 22991, 22206, 23827, 22218, 21597, 21565, 21330, 20535, 20794
51181, 42275, 29074, 27412, 27475, 28723, 27539, 25913, 26301, 26189
24654, 26026, 31082, 26439, 34339, 24995, 26334, 26896, 24443, 26180
24581, 26368, 26103, 40333, 26516, 28908, 25063, 34869, 26328, 27362
26003, 25400, 26730, 27807, 27754, 25474, 25615, 25649, 26234, 26689
26546, 26425, 134260, 39001, 30131, 83398, 36441, 39677, 32706, 43755
31571, 35330, 39464, 29633, 31296, 27324, 30162, 29485, 25859, 29193
31161, 33326, 28692, 28190, 28420, 30774, 30114, 27786, 25899, 27177
25876, 27838, 31928, 31425, 37115, 27037, 25395, 25881, 25179, 25107
25896, 27519, 26185, 27862, 26395, 27445, 27177, 31926, 28120, 28702
26024, 25913, 24137, 23882, 24541, 23713, 24879, 30581, 32396, 24363
28327, 41531, 33314, 29871, 48813, 33864, 35498, 38544, 33833, 24102
32584, 28937, 25228, 32286, 32623, 26449, 22742, 31623, 23768, 27479
28042, 29503, 28656, 33431, 32645, 31385, 29200, 28353, 24855, 27395
26354, 23984, 33300, 26517, 28945, 26812, 22693, 29862, 32689, 22730
26894, 26937, 26270, 26028, 26993, 24424, 23304, 33751, 23581, 41269
39171, 34932, 40542, 34711, 29040, 46802, 26223, 27579, 36716, 35359
35901, 31219, 23847, 25263, 24308, 22690, 23725, 27748, 25099, 27886
29296, 33718, 31943, 40015, 48521, 31280, 50438, 43267, 30894, 31620
25857, 39264, 28561, 37072, 50577, 26021, 38857, 30796, 32192, 32654
42938, 41881, 28215, 39044, 28004, 35145, 29744, 29611, 28326, 29644
32373, 28368, 34994, 31813, 39332, 46166, 44443, 37071, 33415, 36594
41483, 44018, 41080, 30591, 30786, 32999, 51606, 35736, 35012, 56915
30972, 32117, 44491, 40038, 34676, 48428, 49313, 30807, 37286, 32984
35229, 37678, 40366, 31030, 31209, 34414, 30654, 34695, 31233, 34716
29461, 33936, 47628, 52953, 34603, 48541, 41899, 41360, 35411, 43826
35324, 38133, 42592, 36434, 50683, 37638, 34109, 48832, 40218, 34433
94558, 93594, 85399, 86625, 90875, 90361, 90944, 83524, 85801, 84809
90091, 87490, 87550, 93640, 88405, 90475, 87387, 88766, 87847, 87278
91921, 87896, 86481, 89507, 86670, 88349, 87311, 86637, 86090, 88002
90864, 87730, 87934, 92599, 89685, 87181, 85864, 86080, 86822, 84478
93741, 85402, 84674, 87139, 89512, 90969, 85956, 87698, 91059, 97894
98578, 94241, 84527, 96055, 96824, 87507, 87348, 93069, 92234, 92095
104110, 82883, 86935, 89922, 98016, 84610, 94018, 98035, 95208, 87750
19086, 19738, 20050, 18245, 19260, 19591, 19344, 19752, 19710, 19713
18893, 18620, 18830, 19219, 19378, 19468, 19777, 18892, 18898, 19079
19750, 19612, 19568, 18713, 19352, 19649, 19637, 20235, 23156, 19963
21936, 33393, 22951, 18998, 19688, 20277, 20815, 19516, 19668, 19947
19068, 19658, 18611, 18227, 19814, 19622, 19791, 18172, 18627, 19272
19291, 20814, 21364, 33179, 23065, 20436, 19849, 21229, 20835, 21207
18826, 19071, 19714, 24488, 19774, 19173, 19807, 19957, 19939, 19656
18896, 19441, 22179, 18670, 18180, 17760, 18850, 18472, 18180, 20352
24177, 22032, 23302, 23087, 23536, 22978, 23749, 21471, 21982, 23146
21968, 22962, 25279, 22981, 23007, 22496, 24849, 23977, 23305, 23161
23105, 24097, 22575, 22687, 22395, 22801, 23892, 23352, 23272, 23172
21848, 22666, 29924, 21516, 21851, 23866, 21039, 21197, 20286, 22115
20013, 20386, 19173, 19143, 19197
19652, 18561, 23642, 19228, 19477
18833, 18652, 23417, 18201, 19592
20583, 22563, 19666, 19912, 19700
21958, 19649, 18567, 19571, 21513
20798, 20700, 21662, 28777, 20553
19039, 19978, 19585, 22376, 20288
20719, 18705, 21860, 19333, 18906
24780, 27117, 23971, 23579, 25483
23435, 21829, 25549, 22875, 22074
23397, 21799, 22854, 23433, 23673
22696, 23200, 23205, 22555, 22367
23314, 26838, 21671, 23120, 23283
23997, 22474, 23522, 21810, 23421
24136, 27048, 24032, 22179, 23608
24045, 24069, 25982, 24125, 23556
23444, 23316, 23432, 23738, 23276
